{
 "cells": [
  {
   "cell_type": "markdown",
   "id": "8f3fbae7",
   "metadata": {},
   "source": [
    "<h1 align=\"center\"> Correlation Analysis After Removal of Multicollinearity Issues</h1>\n",
    "<h3 align=\"center\"> IST 5520, 2021 Fall </h3>\n",
    "<h3 align=\"center\"> Group 7 </h3>"
   ]
  },
  {
   "cell_type": "code",
   "execution_count": 2,
   "id": "b0560381",
   "metadata": {},
   "outputs": [],
   "source": [
    "import pandas as pd\n",
    "import numpy as np\n",
    "import seaborn as sns\n",
    "import matplotlib.pyplot as plt"
   ]
  },
  {
   "cell_type": "code",
   "execution_count": 3,
   "id": "487cc063",
   "metadata": {},
   "outputs": [],
   "source": [
    "pitchingdat = pd.read_csv(r\"Multicollinearity_Removal_Pitching.csv\", index_col = 0)\n",
    "hittingdat = pd.read_csv(r\"Multicollinearity_Removal_Hitting.csv\", index_col = 0)"
   ]
  },
  {
   "cell_type": "code",
   "execution_count": 4,
   "id": "6173f1cc",
   "metadata": {},
   "outputs": [
    {
     "name": "stdout",
     "output_type": "stream",
     "text": [
      "<class 'pandas.core.frame.DataFrame'>\n",
      "Int64Index: 5503 entries, 0 to 5503\n",
      "Data columns (total 24 columns):\n",
      " #   Column     Non-Null Count  Dtype  \n",
      "---  ------     --------------  -----  \n",
      " 0   playerID   5503 non-null   object \n",
      " 1   yearID     5503 non-null   int64  \n",
      " 2   GS         5503 non-null   int64  \n",
      " 3   CG         5503 non-null   int64  \n",
      " 4   SHO        5503 non-null   int64  \n",
      " 5   SV         5503 non-null   int64  \n",
      " 6   H          5503 non-null   int64  \n",
      " 7   HR         5503 non-null   int64  \n",
      " 8   BB         5503 non-null   int64  \n",
      " 9   SO         5503 non-null   int64  \n",
      " 10  BAOpp      5503 non-null   float64\n",
      " 11  ERA        5503 non-null   float64\n",
      " 12  WP         5503 non-null   int64  \n",
      " 13  HBP        5503 non-null   int64  \n",
      " 14  SH         5503 non-null   int64  \n",
      " 15  SF         5503 non-null   int64  \n",
      " 16  GIDP       5503 non-null   int64  \n",
      " 17  LogSalary  5503 non-null   float64\n",
      " 18  nameFirst  5503 non-null   object \n",
      " 19  nameLast   5503 non-null   object \n",
      " 20  nameGiven  5503 non-null   object \n",
      " 21  throws     5503 non-null   object \n",
      " 22  teamName   5503 non-null   object \n",
      " 23  Win/Loss   5503 non-null   float64\n",
      "dtypes: float64(4), int64(14), object(6)\n",
      "memory usage: 1.0+ MB\n"
     ]
    }
   ],
   "source": [
    "pitchingdat.info()"
   ]
  },
  {
   "cell_type": "code",
   "execution_count": 5,
   "id": "6b58a86a",
   "metadata": {},
   "outputs": [
    {
     "name": "stdout",
     "output_type": "stream",
     "text": [
      "<class 'pandas.core.frame.DataFrame'>\n",
      "Int64Index: 5373 entries, 0 to 5376\n",
      "Data columns (total 18 columns):\n",
      " #   Column     Non-Null Count  Dtype  \n",
      "---  ------     --------------  -----  \n",
      " 0   playerID   5373 non-null   object \n",
      " 1   yearID     5373 non-null   int64  \n",
      " 2   R          5373 non-null   int64  \n",
      " 3   RBI        5373 non-null   int64  \n",
      " 4   SB         5373 non-null   int64  \n",
      " 5   SO         5373 non-null   int64  \n",
      " 6   IBB        5373 non-null   int64  \n",
      " 7   SH         5373 non-null   int64  \n",
      " 8   SF         5373 non-null   int64  \n",
      " 9   GIDP       5373 non-null   int64  \n",
      " 10  BA         5373 non-null   float64\n",
      " 11  OPS        5373 non-null   float64\n",
      " 12  LogSalary  5373 non-null   float64\n",
      " 13  nameFirst  5373 non-null   object \n",
      " 14  nameLast   5373 non-null   object \n",
      " 15  nameGiven  5373 non-null   object \n",
      " 16  bats       5373 non-null   object \n",
      " 17  teamName   5373 non-null   object \n",
      "dtypes: float64(3), int64(9), object(6)\n",
      "memory usage: 797.6+ KB\n"
     ]
    }
   ],
   "source": [
    "hittingdat.info()"
   ]
  },
  {
   "cell_type": "markdown",
   "id": "64223761",
   "metadata": {},
   "source": [
    "<h1 align=\"center\"> Correlation Analysis on Pitching DataFrame</h1>"
   ]
  },
  {
   "cell_type": "code",
   "execution_count": 6,
   "id": "8187a721",
   "metadata": {},
   "outputs": [
    {
     "data": {
      "text/html": [
       "<div>\n",
       "<style scoped>\n",
       "    .dataframe tbody tr th:only-of-type {\n",
       "        vertical-align: middle;\n",
       "    }\n",
       "\n",
       "    .dataframe tbody tr th {\n",
       "        vertical-align: top;\n",
       "    }\n",
       "\n",
       "    .dataframe thead th {\n",
       "        text-align: right;\n",
       "    }\n",
       "</style>\n",
       "<table border=\"1\" class=\"dataframe\">\n",
       "  <thead>\n",
       "    <tr style=\"text-align: right;\">\n",
       "      <th></th>\n",
       "      <th>yearID</th>\n",
       "      <th>GS</th>\n",
       "      <th>CG</th>\n",
       "      <th>SHO</th>\n",
       "      <th>SV</th>\n",
       "      <th>H</th>\n",
       "      <th>HR</th>\n",
       "      <th>BB</th>\n",
       "      <th>SO</th>\n",
       "      <th>BAOpp</th>\n",
       "      <th>ERA</th>\n",
       "      <th>WP</th>\n",
       "      <th>HBP</th>\n",
       "      <th>SH</th>\n",
       "      <th>SF</th>\n",
       "      <th>GIDP</th>\n",
       "      <th>LogSalary</th>\n",
       "      <th>Win/Loss</th>\n",
       "    </tr>\n",
       "  </thead>\n",
       "  <tbody>\n",
       "    <tr>\n",
       "      <th>yearID</th>\n",
       "      <td>1.000000</td>\n",
       "      <td>-0.039453</td>\n",
       "      <td>-0.074836</td>\n",
       "      <td>-0.031498</td>\n",
       "      <td>-0.002294</td>\n",
       "      <td>-0.095696</td>\n",
       "      <td>-0.092910</td>\n",
       "      <td>-0.115014</td>\n",
       "      <td>0.037742</td>\n",
       "      <td>-0.113009</td>\n",
       "      <td>-0.077145</td>\n",
       "      <td>0.013906</td>\n",
       "      <td>-0.103411</td>\n",
       "      <td>-0.147601</td>\n",
       "      <td>-0.104765</td>\n",
       "      <td>-0.083351</td>\n",
       "      <td>0.084633</td>\n",
       "      <td>0.004405</td>\n",
       "    </tr>\n",
       "    <tr>\n",
       "      <th>GS</th>\n",
       "      <td>-0.039453</td>\n",
       "      <td>1.000000</td>\n",
       "      <td>0.545993</td>\n",
       "      <td>0.444271</td>\n",
       "      <td>-0.250051</td>\n",
       "      <td>0.940954</td>\n",
       "      <td>0.862481</td>\n",
       "      <td>0.827625</td>\n",
       "      <td>0.828190</td>\n",
       "      <td>0.000337</td>\n",
       "      <td>-0.088974</td>\n",
       "      <td>0.498313</td>\n",
       "      <td>0.647692</td>\n",
       "      <td>0.650168</td>\n",
       "      <td>0.656722</td>\n",
       "      <td>0.798674</td>\n",
       "      <td>0.318211</td>\n",
       "      <td>0.176774</td>\n",
       "    </tr>\n",
       "    <tr>\n",
       "      <th>CG</th>\n",
       "      <td>-0.074836</td>\n",
       "      <td>0.545993</td>\n",
       "      <td>1.000000</td>\n",
       "      <td>0.760429</td>\n",
       "      <td>-0.118889</td>\n",
       "      <td>0.543952</td>\n",
       "      <td>0.442659</td>\n",
       "      <td>0.390128</td>\n",
       "      <td>0.543718</td>\n",
       "      <td>-0.055625</td>\n",
       "      <td>-0.091740</td>\n",
       "      <td>0.254893</td>\n",
       "      <td>0.352192</td>\n",
       "      <td>0.370815</td>\n",
       "      <td>0.332873</td>\n",
       "      <td>0.510790</td>\n",
       "      <td>0.246287</td>\n",
       "      <td>0.177021</td>\n",
       "    </tr>\n",
       "    <tr>\n",
       "      <th>SHO</th>\n",
       "      <td>-0.031498</td>\n",
       "      <td>0.444271</td>\n",
       "      <td>0.760429</td>\n",
       "      <td>1.000000</td>\n",
       "      <td>-0.097669</td>\n",
       "      <td>0.428463</td>\n",
       "      <td>0.338464</td>\n",
       "      <td>0.319638</td>\n",
       "      <td>0.449639</td>\n",
       "      <td>-0.056274</td>\n",
       "      <td>-0.080718</td>\n",
       "      <td>0.203478</td>\n",
       "      <td>0.274774</td>\n",
       "      <td>0.313094</td>\n",
       "      <td>0.252545</td>\n",
       "      <td>0.399818</td>\n",
       "      <td>0.187415</td>\n",
       "      <td>0.155179</td>\n",
       "    </tr>\n",
       "    <tr>\n",
       "      <th>SV</th>\n",
       "      <td>-0.002294</td>\n",
       "      <td>-0.250051</td>\n",
       "      <td>-0.118889</td>\n",
       "      <td>-0.097669</td>\n",
       "      <td>1.000000</td>\n",
       "      <td>-0.163993</td>\n",
       "      <td>-0.168446</td>\n",
       "      <td>-0.121398</td>\n",
       "      <td>-0.020259</td>\n",
       "      <td>-0.224493</td>\n",
       "      <td>-0.146983</td>\n",
       "      <td>-0.040137</td>\n",
       "      <td>-0.110407</td>\n",
       "      <td>-0.103732</td>\n",
       "      <td>-0.148997</td>\n",
       "      <td>-0.148164</td>\n",
       "      <td>0.140279</td>\n",
       "      <td>0.038917</td>\n",
       "    </tr>\n",
       "    <tr>\n",
       "      <th>H</th>\n",
       "      <td>-0.095696</td>\n",
       "      <td>0.940954</td>\n",
       "      <td>0.543952</td>\n",
       "      <td>0.428463</td>\n",
       "      <td>-0.163993</td>\n",
       "      <td>1.000000</td>\n",
       "      <td>0.890409</td>\n",
       "      <td>0.843711</td>\n",
       "      <td>0.840356</td>\n",
       "      <td>0.001863</td>\n",
       "      <td>-0.146931</td>\n",
       "      <td>0.526892</td>\n",
       "      <td>0.671652</td>\n",
       "      <td>0.693927</td>\n",
       "      <td>0.708565</td>\n",
       "      <td>0.862858</td>\n",
       "      <td>0.308712</td>\n",
       "      <td>0.233036</td>\n",
       "    </tr>\n",
       "    <tr>\n",
       "      <th>HR</th>\n",
       "      <td>-0.092910</td>\n",
       "      <td>0.862481</td>\n",
       "      <td>0.442659</td>\n",
       "      <td>0.338464</td>\n",
       "      <td>-0.168446</td>\n",
       "      <td>0.890409</td>\n",
       "      <td>1.000000</td>\n",
       "      <td>0.759430</td>\n",
       "      <td>0.749995</td>\n",
       "      <td>0.004334</td>\n",
       "      <td>-0.084190</td>\n",
       "      <td>0.443159</td>\n",
       "      <td>0.605221</td>\n",
       "      <td>0.584452</td>\n",
       "      <td>0.637498</td>\n",
       "      <td>0.698471</td>\n",
       "      <td>0.281994</td>\n",
       "      <td>0.163901</td>\n",
       "    </tr>\n",
       "    <tr>\n",
       "      <th>BB</th>\n",
       "      <td>-0.115014</td>\n",
       "      <td>0.827625</td>\n",
       "      <td>0.390128</td>\n",
       "      <td>0.319638</td>\n",
       "      <td>-0.121398</td>\n",
       "      <td>0.843711</td>\n",
       "      <td>0.759430</td>\n",
       "      <td>1.000000</td>\n",
       "      <td>0.808032</td>\n",
       "      <td>-0.111053</td>\n",
       "      <td>-0.158217</td>\n",
       "      <td>0.619113</td>\n",
       "      <td>0.667827</td>\n",
       "      <td>0.644518</td>\n",
       "      <td>0.640167</td>\n",
       "      <td>0.761018</td>\n",
       "      <td>0.210318</td>\n",
       "      <td>0.226430</td>\n",
       "    </tr>\n",
       "    <tr>\n",
       "      <th>SO</th>\n",
       "      <td>0.037742</td>\n",
       "      <td>0.828190</td>\n",
       "      <td>0.543718</td>\n",
       "      <td>0.449639</td>\n",
       "      <td>-0.020259</td>\n",
       "      <td>0.840356</td>\n",
       "      <td>0.749995</td>\n",
       "      <td>0.808032</td>\n",
       "      <td>1.000000</td>\n",
       "      <td>-0.236053</td>\n",
       "      <td>-0.250058</td>\n",
       "      <td>0.581331</td>\n",
       "      <td>0.612244</td>\n",
       "      <td>0.606458</td>\n",
       "      <td>0.567138</td>\n",
       "      <td>0.691461</td>\n",
       "      <td>0.312930</td>\n",
       "      <td>0.343726</td>\n",
       "    </tr>\n",
       "    <tr>\n",
       "      <th>BAOpp</th>\n",
       "      <td>-0.113009</td>\n",
       "      <td>0.000337</td>\n",
       "      <td>-0.055625</td>\n",
       "      <td>-0.056274</td>\n",
       "      <td>-0.224493</td>\n",
       "      <td>0.001863</td>\n",
       "      <td>0.004334</td>\n",
       "      <td>-0.111053</td>\n",
       "      <td>-0.236053</td>\n",
       "      <td>1.000000</td>\n",
       "      <td>0.667900</td>\n",
       "      <td>-0.104700</td>\n",
       "      <td>-0.062454</td>\n",
       "      <td>-0.034460</td>\n",
       "      <td>0.013879</td>\n",
       "      <td>-0.015335</td>\n",
       "      <td>-0.074155</td>\n",
       "      <td>-0.231889</td>\n",
       "    </tr>\n",
       "    <tr>\n",
       "      <th>ERA</th>\n",
       "      <td>-0.077145</td>\n",
       "      <td>-0.088974</td>\n",
       "      <td>-0.091740</td>\n",
       "      <td>-0.080718</td>\n",
       "      <td>-0.146983</td>\n",
       "      <td>-0.146931</td>\n",
       "      <td>-0.084190</td>\n",
       "      <td>-0.158217</td>\n",
       "      <td>-0.250058</td>\n",
       "      <td>0.667900</td>\n",
       "      <td>1.000000</td>\n",
       "      <td>-0.126700</td>\n",
       "      <td>-0.116600</td>\n",
       "      <td>-0.137973</td>\n",
       "      <td>-0.098045</td>\n",
       "      <td>-0.165859</td>\n",
       "      <td>-0.110319</td>\n",
       "      <td>-0.231207</td>\n",
       "    </tr>\n",
       "    <tr>\n",
       "      <th>WP</th>\n",
       "      <td>0.013906</td>\n",
       "      <td>0.498313</td>\n",
       "      <td>0.254893</td>\n",
       "      <td>0.203478</td>\n",
       "      <td>-0.040137</td>\n",
       "      <td>0.526892</td>\n",
       "      <td>0.443159</td>\n",
       "      <td>0.619113</td>\n",
       "      <td>0.581331</td>\n",
       "      <td>-0.104700</td>\n",
       "      <td>-0.126700</td>\n",
       "      <td>1.000000</td>\n",
       "      <td>0.438908</td>\n",
       "      <td>0.358952</td>\n",
       "      <td>0.397633</td>\n",
       "      <td>0.467326</td>\n",
       "      <td>0.116943</td>\n",
       "      <td>0.178146</td>\n",
       "    </tr>\n",
       "    <tr>\n",
       "      <th>HBP</th>\n",
       "      <td>-0.103411</td>\n",
       "      <td>0.647692</td>\n",
       "      <td>0.352192</td>\n",
       "      <td>0.274774</td>\n",
       "      <td>-0.110407</td>\n",
       "      <td>0.671652</td>\n",
       "      <td>0.605221</td>\n",
       "      <td>0.667827</td>\n",
       "      <td>0.612244</td>\n",
       "      <td>-0.062454</td>\n",
       "      <td>-0.116600</td>\n",
       "      <td>0.438908</td>\n",
       "      <td>1.000000</td>\n",
       "      <td>0.479758</td>\n",
       "      <td>0.497720</td>\n",
       "      <td>0.608766</td>\n",
       "      <td>0.189821</td>\n",
       "      <td>0.166318</td>\n",
       "    </tr>\n",
       "    <tr>\n",
       "      <th>SH</th>\n",
       "      <td>-0.147601</td>\n",
       "      <td>0.650168</td>\n",
       "      <td>0.370815</td>\n",
       "      <td>0.313094</td>\n",
       "      <td>-0.103732</td>\n",
       "      <td>0.693927</td>\n",
       "      <td>0.584452</td>\n",
       "      <td>0.644518</td>\n",
       "      <td>0.606458</td>\n",
       "      <td>-0.034460</td>\n",
       "      <td>-0.137973</td>\n",
       "      <td>0.358952</td>\n",
       "      <td>0.479758</td>\n",
       "      <td>1.000000</td>\n",
       "      <td>0.492222</td>\n",
       "      <td>0.606661</td>\n",
       "      <td>0.226450</td>\n",
       "      <td>0.167602</td>\n",
       "    </tr>\n",
       "    <tr>\n",
       "      <th>SF</th>\n",
       "      <td>-0.104765</td>\n",
       "      <td>0.656722</td>\n",
       "      <td>0.332873</td>\n",
       "      <td>0.252545</td>\n",
       "      <td>-0.148997</td>\n",
       "      <td>0.708565</td>\n",
       "      <td>0.637498</td>\n",
       "      <td>0.640167</td>\n",
       "      <td>0.567138</td>\n",
       "      <td>0.013879</td>\n",
       "      <td>-0.098045</td>\n",
       "      <td>0.397633</td>\n",
       "      <td>0.497720</td>\n",
       "      <td>0.492222</td>\n",
       "      <td>1.000000</td>\n",
       "      <td>0.580462</td>\n",
       "      <td>0.184020</td>\n",
       "      <td>0.155927</td>\n",
       "    </tr>\n",
       "    <tr>\n",
       "      <th>GIDP</th>\n",
       "      <td>-0.083351</td>\n",
       "      <td>0.798674</td>\n",
       "      <td>0.510790</td>\n",
       "      <td>0.399818</td>\n",
       "      <td>-0.148164</td>\n",
       "      <td>0.862858</td>\n",
       "      <td>0.698471</td>\n",
       "      <td>0.761018</td>\n",
       "      <td>0.691461</td>\n",
       "      <td>-0.015335</td>\n",
       "      <td>-0.165859</td>\n",
       "      <td>0.467326</td>\n",
       "      <td>0.608766</td>\n",
       "      <td>0.606661</td>\n",
       "      <td>0.580462</td>\n",
       "      <td>1.000000</td>\n",
       "      <td>0.247701</td>\n",
       "      <td>0.241496</td>\n",
       "    </tr>\n",
       "    <tr>\n",
       "      <th>LogSalary</th>\n",
       "      <td>0.084633</td>\n",
       "      <td>0.318211</td>\n",
       "      <td>0.246287</td>\n",
       "      <td>0.187415</td>\n",
       "      <td>0.140279</td>\n",
       "      <td>0.308712</td>\n",
       "      <td>0.281994</td>\n",
       "      <td>0.210318</td>\n",
       "      <td>0.312930</td>\n",
       "      <td>-0.074155</td>\n",
       "      <td>-0.110319</td>\n",
       "      <td>0.116943</td>\n",
       "      <td>0.189821</td>\n",
       "      <td>0.226450</td>\n",
       "      <td>0.184020</td>\n",
       "      <td>0.247701</td>\n",
       "      <td>1.000000</td>\n",
       "      <td>0.098122</td>\n",
       "    </tr>\n",
       "    <tr>\n",
       "      <th>Win/Loss</th>\n",
       "      <td>0.004405</td>\n",
       "      <td>0.176774</td>\n",
       "      <td>0.177021</td>\n",
       "      <td>0.155179</td>\n",
       "      <td>0.038917</td>\n",
       "      <td>0.233036</td>\n",
       "      <td>0.163901</td>\n",
       "      <td>0.226430</td>\n",
       "      <td>0.343726</td>\n",
       "      <td>-0.231889</td>\n",
       "      <td>-0.231207</td>\n",
       "      <td>0.178146</td>\n",
       "      <td>0.166318</td>\n",
       "      <td>0.167602</td>\n",
       "      <td>0.155927</td>\n",
       "      <td>0.241496</td>\n",
       "      <td>0.098122</td>\n",
       "      <td>1.000000</td>\n",
       "    </tr>\n",
       "  </tbody>\n",
       "</table>\n",
       "</div>"
      ],
      "text/plain": [
       "             yearID        GS        CG       SHO        SV         H  \\\n",
       "yearID     1.000000 -0.039453 -0.074836 -0.031498 -0.002294 -0.095696   \n",
       "GS        -0.039453  1.000000  0.545993  0.444271 -0.250051  0.940954   \n",
       "CG        -0.074836  0.545993  1.000000  0.760429 -0.118889  0.543952   \n",
       "SHO       -0.031498  0.444271  0.760429  1.000000 -0.097669  0.428463   \n",
       "SV        -0.002294 -0.250051 -0.118889 -0.097669  1.000000 -0.163993   \n",
       "H         -0.095696  0.940954  0.543952  0.428463 -0.163993  1.000000   \n",
       "HR        -0.092910  0.862481  0.442659  0.338464 -0.168446  0.890409   \n",
       "BB        -0.115014  0.827625  0.390128  0.319638 -0.121398  0.843711   \n",
       "SO         0.037742  0.828190  0.543718  0.449639 -0.020259  0.840356   \n",
       "BAOpp     -0.113009  0.000337 -0.055625 -0.056274 -0.224493  0.001863   \n",
       "ERA       -0.077145 -0.088974 -0.091740 -0.080718 -0.146983 -0.146931   \n",
       "WP         0.013906  0.498313  0.254893  0.203478 -0.040137  0.526892   \n",
       "HBP       -0.103411  0.647692  0.352192  0.274774 -0.110407  0.671652   \n",
       "SH        -0.147601  0.650168  0.370815  0.313094 -0.103732  0.693927   \n",
       "SF        -0.104765  0.656722  0.332873  0.252545 -0.148997  0.708565   \n",
       "GIDP      -0.083351  0.798674  0.510790  0.399818 -0.148164  0.862858   \n",
       "LogSalary  0.084633  0.318211  0.246287  0.187415  0.140279  0.308712   \n",
       "Win/Loss   0.004405  0.176774  0.177021  0.155179  0.038917  0.233036   \n",
       "\n",
       "                 HR        BB        SO     BAOpp       ERA        WP  \\\n",
       "yearID    -0.092910 -0.115014  0.037742 -0.113009 -0.077145  0.013906   \n",
       "GS         0.862481  0.827625  0.828190  0.000337 -0.088974  0.498313   \n",
       "CG         0.442659  0.390128  0.543718 -0.055625 -0.091740  0.254893   \n",
       "SHO        0.338464  0.319638  0.449639 -0.056274 -0.080718  0.203478   \n",
       "SV        -0.168446 -0.121398 -0.020259 -0.224493 -0.146983 -0.040137   \n",
       "H          0.890409  0.843711  0.840356  0.001863 -0.146931  0.526892   \n",
       "HR         1.000000  0.759430  0.749995  0.004334 -0.084190  0.443159   \n",
       "BB         0.759430  1.000000  0.808032 -0.111053 -0.158217  0.619113   \n",
       "SO         0.749995  0.808032  1.000000 -0.236053 -0.250058  0.581331   \n",
       "BAOpp      0.004334 -0.111053 -0.236053  1.000000  0.667900 -0.104700   \n",
       "ERA       -0.084190 -0.158217 -0.250058  0.667900  1.000000 -0.126700   \n",
       "WP         0.443159  0.619113  0.581331 -0.104700 -0.126700  1.000000   \n",
       "HBP        0.605221  0.667827  0.612244 -0.062454 -0.116600  0.438908   \n",
       "SH         0.584452  0.644518  0.606458 -0.034460 -0.137973  0.358952   \n",
       "SF         0.637498  0.640167  0.567138  0.013879 -0.098045  0.397633   \n",
       "GIDP       0.698471  0.761018  0.691461 -0.015335 -0.165859  0.467326   \n",
       "LogSalary  0.281994  0.210318  0.312930 -0.074155 -0.110319  0.116943   \n",
       "Win/Loss   0.163901  0.226430  0.343726 -0.231889 -0.231207  0.178146   \n",
       "\n",
       "                HBP        SH        SF      GIDP  LogSalary  Win/Loss  \n",
       "yearID    -0.103411 -0.147601 -0.104765 -0.083351   0.084633  0.004405  \n",
       "GS         0.647692  0.650168  0.656722  0.798674   0.318211  0.176774  \n",
       "CG         0.352192  0.370815  0.332873  0.510790   0.246287  0.177021  \n",
       "SHO        0.274774  0.313094  0.252545  0.399818   0.187415  0.155179  \n",
       "SV        -0.110407 -0.103732 -0.148997 -0.148164   0.140279  0.038917  \n",
       "H          0.671652  0.693927  0.708565  0.862858   0.308712  0.233036  \n",
       "HR         0.605221  0.584452  0.637498  0.698471   0.281994  0.163901  \n",
       "BB         0.667827  0.644518  0.640167  0.761018   0.210318  0.226430  \n",
       "SO         0.612244  0.606458  0.567138  0.691461   0.312930  0.343726  \n",
       "BAOpp     -0.062454 -0.034460  0.013879 -0.015335  -0.074155 -0.231889  \n",
       "ERA       -0.116600 -0.137973 -0.098045 -0.165859  -0.110319 -0.231207  \n",
       "WP         0.438908  0.358952  0.397633  0.467326   0.116943  0.178146  \n",
       "HBP        1.000000  0.479758  0.497720  0.608766   0.189821  0.166318  \n",
       "SH         0.479758  1.000000  0.492222  0.606661   0.226450  0.167602  \n",
       "SF         0.497720  0.492222  1.000000  0.580462   0.184020  0.155927  \n",
       "GIDP       0.608766  0.606661  0.580462  1.000000   0.247701  0.241496  \n",
       "LogSalary  0.189821  0.226450  0.184020  0.247701   1.000000  0.098122  \n",
       "Win/Loss   0.166318  0.167602  0.155927  0.241496   0.098122  1.000000  "
      ]
     },
     "execution_count": 6,
     "metadata": {},
     "output_type": "execute_result"
    }
   ],
   "source": [
    "pitchingcorr = pitchingdat.corr(method = 'pearson')\n",
    "pitchingcorr"
   ]
  },
  {
   "cell_type": "code",
   "execution_count": 7,
   "id": "a977954a",
   "metadata": {},
   "outputs": [
    {
     "data": {
